3634	5017	7067	4335	5026	7303	7919	3759	995	5780	7744	4803	454	5424	9038	8647
3892	6540	9061	4886	7369	5858	2000	1106	1922	9903	9256	6348	8587	2456	8567	5985
3115	8085	8384	9907	9887	404	8105	2745	8512	9601	4137	5794	3383	1282	2044	6461
1882	3827	4519	7769	4724	2994	6526	4043	3480	3260	2611	8004	5948	8777	3113	7452
1113	2638	3956	4659	9881	2926	2840	7185	7464	9917	1293	7730	5004	1260	2710	1658
4976	6011	8463	6114	6456	8747	5736	4017	1918	7604	2744	8238	1079	2901	176	3360
4614	3497	8087	2892	9135	1644	7773	3776	7855	6805	1293	445	58	7020	3178	8241
9765	3722	3143	8643	6789	8625	1274	4038	6862	9524	3256	6157	1722	8687	1860	9930
8831	8084	4183	1468	2035	3561	9737	6350	8060	2768	6628	7468	6990	1058	8034	5491
9043	1524	3159	9629	5120	9535	5583	9148	6426	686	4982	5390	6641	4879	3090	3939
6770	8797	4476	3686	1311	8802	7836	8919	7943	4429	6542	1366	8172	4008	7546	3683
9529	8829	5566	4211	6198	4326	5721	1233	872	4294	2957	5614	9069	2916	9502	2950
824	14	406	7141	4916	6579	9138	6672	7555	7397	8928	9606	5530	4381	8055	3752
4152	4115	6982	6195	7943	7756	716	7818	9660	8871	2772	5935	610	4093	249	6477
1913	758	7707	892	7456	1103	3690	7733	6594	9181	358	2890	9652	9647	8447	5204
1666	5237	6431	7153	9146	641	5488	8853	7111	4121	8356	5261	446	7450	8333	876
933	7732	8315	8993	3677	8908	9617	6132	4838	4061	5423	8283	9604	9841	934	2522
4971	2891	9176	6309	6073	3720	1665	1840	4243	1548	8537	8289	7020	4494	8629	3006
7131	8997	3721	4493	7407	7489	9242	3485	4530	7172	1407	996	9855	8855	1593	7186
5156	5990	3677	5721	7965	9816	3679	4460	6432	7627	1354	9743	7342	1791	8574	506
8881	9449	4363	7141	255	9556	8856	1573	9391	8220	823	4494	6661	719	5714	1052
597	5419	9960	8029	855	7825	6453	6510	5830	5938	4050	6689	462	6684	4420	8369
9575	5129	1941	7134	7607	9126	5156	6789	5957	3189	6213	9216	5183	7313	3824	4271
6157	4148	9099	5617	476	1804	7840	3116	2034	2018	2045	3557	7425	1368	6869	3350
4931	5502	9204	7285	9628	3715	6118	8011	8044	7201	7163	8302	7278	7807	508	7834
4879	5200	185	3756	4542	8720	309	4992	9638	4302	5393	8217	1990	8648	1285	6621
3261	7271	6129	5104	5288	209	1748	351	3475	9382	4729	7448	5426	4067	5567	9284
8079	1286	9622	1695	4912	9692	6361	650	6458	6813	7762	7774	4642	7884	1399	8640
5231	6852	7108	4726	7936	4950	9418	4613	2223	9014	6828	6473	677	6017	4679	8544
6516	8614	1250	9717	5277	6681	6153	32	7731	8317	7389	1153	1087	5818	3348	9914
4263	55	1505	375	1260	3157	4114	289	1924	8776	3340	3287	4878	5031	6839	1468
194	8282	5108	7142	2663	857	4889	9296	8121	3362	3192	5068	9494	588	9514	9376
2631	171	1853	3484	4109	2533	7100	4470	3760	9826	5706	6361	5891	1227	2673	3932
6955	2026	5049	2934	1920	6681	770	7273	9264	2009	8992	141	8755	76	4217	9296
8379	7746	8542	9125	5039	2045	5879	2899	7811	6506	2145	9629	2346	6637	6206	2813
7949	7754	92	7323	4812	6623	7532	5205	2370	3848	8172	9180	8733	4476	9355	5477
231	5034	6973	109	9657	3564	4542	3197	3857	1530	5126	9816	3412	9363	3505	6659
9899	7332	7629	7120	7926	4722	1034	5179	5224	1841	3349	8231	4235	9846	1527	1322
3615	2532	7566	2753	5668	95	4731	3226	1437	4819	2625	7229	4865	1622	7030	9508
9100	7431	2513	2968	6926	3420	9312	2231	6505	5032	816	1319	3341	9570	3864	9480
6670	6413	5829	3401	6069	4291	5224	6929	5396	6426	5752	9909	2914	6831	7005	3969
7222	1724	6829	6582	1552	3405	8104	5967	591	9653	7832	2889	1761	7265	4184	1782
8190	1726	2185	3865	4437	516	4635	5449	2898	152	8334	1753	9956	138	4007	754
1320	7020	7248	2210	6013	8919	3716	2845	50	7893	6562	3315	3514	5861	6804	828
8522	3185	4628	1190	5922	5696	782	2131	902	1789	9343	8830	4737	7744	7067	6403
2500	6048	3065	2771	6198	2274	8398	9998	5718	4443	7801	3958	7111	8184	925	2794
7523	1909	5035	8428	3829	6843	1071	8795	7039	3959	9858	6333	5422	872	8921	899
6218	2329	9502	391	6628	963	7612	7606	7100	1474	377	5871	7102	7936	6447	677
4934	2497	6197	6267	1103	3825	5974	6496	471	3998	9356	857	4594	1094	8352	3093
4736	6677	1459	9881	4105	4579	252	9256	9796	6749	8861	9797	3866	6254	8550	2556
4906	8641	7619	6104	3803	137	7498	8843	2113	2632	4393	7465	4553	5741	1940	841
4619	4345	8122	6318	4847	2998	2367	7484	6710	1138	1466	1640	9584	7015	4562	8214
6985	7402	8944	866	3663	395	1776	902	3715	6314	1230	6744	882	7650	9196	7082
7835	6229	3974	8701	7980	4949	582	4258	4553	8836	7758	4424	3828	4655	7843	9376
4705	6170	4295	8613	6934	7895	3007	5623	9606	5283	6672	6425	436	7369	3993	8287
4620	831	7243	4096	576	6996	7945	5993	5261	6416	4633	5863	5261	4360	5	9951
3627	4766	3367	8953	9546	8015	1014	5483	2825	3124	695	949	4973	8152	7112	457
9644	4719	628	7751	7093	4073	5527	347	6930	7309	8687	7907	7866	6088	7819	9729
7907	2619	5837	3027	4729	3522	8848	4840	5725	2673	8817	6700	6584	2803	3579	5295
3697	4197	1893	601	6827	7594	1796	1846	6946	4375	9285	5403	8567	4286	4720	5078
5654	5745	7602	3179	7000	7900	2429	5136	7898	7153	841	7935	7355	258	1827	1715
130	2382	5049	2244	3236	4560	6669	2202	1760	2451	4070	5163	2144	9944	7851	7162
6703	5785	790	1194	1516	1481	1955	6349	3436	1602	4956	8564	3463	2367	6042	1523
9108	4398	2964	6765	8182	8045	1553	2954	6736	1311	3238	64	3231	6645	6190	5157
4231	4085	9278	5687	2195	3768	1284	5979	5082	6601	5948	452	7428	8196	3146	2179
1613	7858	2184	9748	3555	8619	1118	7958	6647	4924	2615	3465	9274	4940	3908	8720
6516	450	8071	1006	4574	3518	7922	1717	5658	4665	484	70	2629	2935	4589	5504
5516	3022	4431	2779	3489	5654	2297	668	5190	974	8707	6456	4884	6444	9686	5805
1964	1405	6076	3261	8715	7939	2061	7378	4748	6228	675	7385	5343	9374	2203	6318
4744	8571	7466	5584	2523	4943	8030	6100	5989	4406	1194	1430	8399	3260	5390	7046
7557	3686	660	158	4281	1282	54	1104	5858	3144	3717	6115	4893	1688	8087	6157
1071	635	3572	4346	3652	1760	107	9021	8734	9780	4631	9577	83	803	5684	7311
8767	1439	1602	9977	1453	7133	8284	6517	2239	8155	8595	4469	1496	688	6309	7118
2790	9923	6326	3217	4810	3086	6504	3663	2801	5512	9632	7209	3704	4027	8231	9495
2706	2336	2924	8666	9672	8048	6437	6408	9740	5260	2021	70	2175	995	821	713
8268	9303	9994	7673	6754	3870	5613	1562	75	4141	7343	7576	2614	2067	6663	8218
4749	2689	7930	2553	2644	6170	9812	7237	3318	1504	9014	4902	2699	358	9260	6771
7821	6059	9221	4961	4232	3091	869	391	4814	9010	2622	8323	7002	3975	5128	476
29	4953	7237	2574	1030	9011	8052	7770	3437	1291	9986	5046	4899	5857	7233	3662
1303	1253	8236	9469	3321	6790	8816	3113	1277	3406	5260	6219	4247	8721	7424	9877
2587	8429	2777	6200	7804	2900	4739	8457	9222	6739	7144	8545	6317	8227	8077	7921
5165	6773	5870	8644	9934	859	4554	5568	7592	9104	7705	1871	9418	1394	9901	9873
4108	8440	5450	2560	9102	8754	7630	3531	1961	2600	6097	4543	7003	7415	1861	136
8040	7634	7698	3931	1979	5988	4395	2553	5990	3314	9579	3622	8016	9881	4416	9744
1843	3169	4141	9712	6438	909	4342	3269	2676	7563	2783	7129	8976	4761	4325	5472
865	3822	4277	6221	4750	9168	4024	6857	7157	1944	1270	5316	208	4589	2677	6183
7614	833	9442	423	5767	1500	7854	3598	1980	1756	2923	8679	4293	1255	8027	1027
3772	5919	1781	2096	856	3755	8296	7127	8259	4334	1583	2261	4162	6190	6801	7357
5480	3264	7300	7636	4407	9134	1019	5912	7621	4674	2777	4832	6561	4013	2535	5078
1870	3111	6675	1477	876	6650	8429	3133	4800	7208	2117	3256	6695	7431	4762	6988
6182	8107	2652	1084	2286	298	4972	4796	6534	1690	5091	103	5726	3446	1025	3364
5095	1093	809	6345	80	336	7512	9667	5824	2131	9675	2273	8533	4053	6030	476
2888	3945	9236	845	5813	9684	1818	988	3652	9237	9968	9487	6731	1142	2030	3001
6913	2163	6179	5531	163	1318	6138	890	3816	2650	1724	2017	1479	5879	7680	5667
5884	9230	761	6471	1667	3094	720	1987	7786	1753	8100	4277	8634	7326	6614	4821
6474	699	4895	9394	2293	3249	1535	4231	4128	8869	1100	7162	5611	9328	1447	3383
5260	3684	2700	8766	5314	2975	1345	6432	3819	5635	9631	9214	8838	8679	8055	6203
1565	2039	8447	7837	7239	5770	2200	9361	5790	5965	4783	5825	1329	4942	52	9703
6412	4794	4441	7605	5893	1523	4262	9029	6246	8339	9758	7183	7916	6108	144	8148
5578	7691	2715	1681	10000	2675	2439	8763	720	9064	2056	4482	9542	8933	5453	1879
5717	9737	2307	9293	2086	9274	5271	3985	2317	8827	2004	57	8520	501	9835	7818
9489	1563	375	6349	5136	5091	2294	8415	9788	5777	3936	2212	634	8525	1607	5831
5219	8713	8726	1894	8409	965	6234	5747	2179	2384	5107	8631	1394	9886	6561	6121
2000	6102	407	4625	3037	5617	61	2014	1229	8666	3989	306	3738	3161	7015	2952
5544	6477	9367	5679	7277	2163	3863	9228	6708	8065	4402	653	298	1348	9425	7039
8187	8472	4694	6604	3268	2590	7536	3389	3622	9984	8748	5587	7622	847	7435	3673
8590	7245	1546	604	7365	6945	31	9329	16	5627	6102	5417	1945	6627	8660	3582
1344	8253	6599	5471	3766	2475	886	6969	3522	4831	7855	252	6926	8362	7954	7719
5655	9826	6701	7768	6641	2028	6917	9060	9216	5190	2291	3877	1625	2606	8557	5693
9162	7751	1026	652	4013	5149	8216	1492	657	8668	9955	2741	7512	5370	6335	137
8153	8640	9016	5607	4187	9511	2235	2131	8177	2506	1628	9052	8651	2689	779	640
5201	7532	7208	2565	5886	4067	7617	8419	3335	2870	6984	2686	9265	9126	7797	1119
6097	3205	5568	2130	2145	822	8658	2927	9234	5423	2407	9642	8701	6149	8558	1604
1720	2431	5275	6559	7328	6062	5618	3172	1188	9687	1595	3625	9180	7779	4181	3833
2187	8761	7044	5391	1911	1877	2192	9157	2098	4088	4828	2143	3679	8018	9818	8231
3570	8104	9256	4627	4781	5766	648	3532	2176	8722	7711	238	9103	1352	7427	8378
5459	8242	6275	1273	1265	4907	8617	7399	9347	857	6107	5319	7996	2740	7296	4086
6879	4379	4625	4623	8591	6818	3746	9500	9214	3255	7260	2433	6550	7353	6900	8284
369	4200	4549	3573	8513	9989	4485	2326	2728	2905	8242	3151	8109	7655	5975	7476
6556	7606	5504	9547	3834	2661	9237	6673	5728	1684	8423	6675	1405	6397	5668	4823
2899	1256	5966	4990	5106	2659	9980	2213	7923	8604	2510	5892	7694	1831	1654	1025
4094	9918	537	3696	4189	3461	856	3310	9130	2508	6168	179	9005	5246	9124	3668
5855	1288	2873	5552	7324	8196	9437	185	9747	3062	743	3069	5079	5288	6892	9079
2650	2002	3456	7164	5150	1398	4202	5843	848	3503	6402	9920	5053	8966	2374	861
9964	8039	5240	18	5068	6733	648	5295	8984	5614	4412	9779	1963	3546	5784	8171
9455	308	7038	4987	4727	821	5576	2855	2061	3558	4091	6370	5527	224	6546	9346
1838	3083	5043	5327	7497	5484	539	9074	8615	7713	4805	1219	3452	8028	1148	3000
1077	2734	7479	8220	5129	9782	9152	1968	5318	3561	306	4960	5996	8200	787	1476
6751	5209	3085	9137	6234	6717	5322	924	7062	6563	9784	9163	3343	475	5811	4358
6810	7739	1121	3560	4620	5512	1181	545	8574	6811	4408	3362	580	1732	49	6949
5794	7716	9869	6533	4666	194	9436	8243	3156	2741	2626	8110	3216	8378	5466	2380
8741	5647	6383	3153	6412	3134	9392	6390	9753	8023	5973	3144	3636	6147	2074	4314
7292	2007	9349	8045	9164	7007	4953	3593	6249	7110	7393	3741	7476	9028	5493	2903
3051	5041	4341	9847	4264	3533	423	3455	4158	8310	267	5774	5245	5248	6426	4889
9297	8445	3362	6849	8141	8356	7315	8684	6739	2915	3927	9078	9170	2797	3387	8063
917	8039	7108	7440	1916	964	195	8970	6122	3667	3856	7473	7309	3617	6107	2868
7437	1760	4540	779	3979	4622	6855	1989	9420	6017	6558	7391	9629	5011	3506	6264
1207	967	9763	3189	9349	5643	4443	877	5245	6138	9686	5536	7639	3846	8722	1855
7244	1159	2298	533	7539	48	4962	6395	2718	3036	5567	6764	2291	5011	6210	3642
294	3853	5536	5562	8520	8315	7758	570	1244	2385	2233	1724	9428	9692	3870	8889
5083	8154	9993	6964	9261	2969	7772	3973	9869	8520	381	287	1335	2897	8027	4399
9629	1466	5772	9560	8227	8677	2775	6130	8619	4681	4349	7489	9878	5930	1916	7976
4585	7028	7537	2360	1623	7286	3358	4976	206	8023	1574	392	3311	4035	3055	1947
8205	4254	1801	3229	3115	9997	9806	8806	601	9383	4391	3737	611	8302	9896	7073
2926	9325	9351	5271	989	8633	6633	9057	4541	4846	4490	4427	7033	8425	6047	3308
2095	9909	3474	1239	8361	820	6096	7738	7562	3120	7546	4829	2435	7135	3428	6218
8536	170	2848	9931	18	543	3595	5695	5217	1117	3167	7453	3314	6761	7486	1115
3699	7692	2178	6010	3613	5291	870	8810	4846	7863	8295	360	8407	1913	897	6975
5925	9773	1681	8520	1170	5038	1947	4610	517	8394	206	7108	214	7420	7822	17
6680	4248	1784	6452	7794	3536	7989	2601	8913	1195	8003	2849	5813	232	3429	9370
9745	5987	9262	4940	7545	3731	8239	1407	7314	8035	237	7711	4568	1614	1669	3422
7543	7510	3231	511	4750	8067	5015	5821	6769	2355	8144	5083	6190	3563	1013	5644
3018	1430	4463	2030	4555	9396	532	3232	5807	7137	990	8222	2976	8758	3942	924
5713	8163	1086	1810	7563	5878	3415	3109	9538	5066	2836	2798	1228	4102	673	9852
9563	2044	8992	339	8027	9656	8161	2511	7905	4350	5256	5872	1172	5801	6856	3784
3082	5701	9637	8579	5831	3853	5536	9215	9677	4034	6969	8820	2948	9015	8821	8140
2278	5442	6144	6917	3096	4551	994	2140	8124	2809	1871	4053	250	906	3143	286
6404	7161	8764	7071	9656	8723	281	771	1540	8040	1726	2356	5683	5257	9264	9079
6686	9730	6035	2298	3115	2399	8067	8223	2893	1449	5323	7386	8294	510	2766	6734
1187	8933	3031	1212	415	6439	5141	1175	4108	7995	5108	4903	2764	6308	6307	3702
4229	4291	3675	1539	7517	9157	882	1663	7714	6085	563	3595	2433	1777	73	1284
286	9344	108	1122	8160	9234	2633	4066	9262	7463	3826	4094	9984	1334	320	468
4622	5558	4525	5925	6029	6663	7560	9355	4783	1597	3481	3228	6754	3545	3513	8573
3038	6302	6526	5561	6375	3896	124	4383	7713	8854	4287	5637	1154	1382	9333	6030
5238	1739	7862	1307	2098	5321	9087	675	6617	1531	2296	609	7874	2826	5994	8317
7760	6383	2008	9641	1443	6694	9977	9845	5553	1079	653	6524	281	6532	8699	8426
2298	3439	1492	6092	7665	5288	5353	3194	5384	1924	9143	4627	9041	2461	4199	7858
9320	8553	1547	5727	5672	3237	4426	9091	3369	741	8658	9092	8913	2951	2238	3467
4935	5157	9831	7247	1132	7823	455	1443	2623	3310	6574	6035	6384	2192	9729	9745
224	9832	9460	3755	8865	4737	5623	3847	7091	436	3809	9032	8038	81	2500	6169
1191	6007	2295	3657	3874	1731	4721	447	4921	6755	448	6837	2772	1840	4533	8642
6308	7566	3726	2181	9092	9876	4084	9386	5177	7868	5961	9216	4066	632	4051	3134
3597	5496	8562	6052	6791	6316	3074	5014	6126	7800	8185	5504	2494	9393	7029	3234
7999	9280	4715	6091	8677	2337	1887	5256	3523	5174	7445	3896	5301	106	5683	7523
1796	894	2355	8973	8868	6346	7357	2030	4920	6090	7601	4393	7548	9506	861	9255
6070	3958	9047	55	1434	7385	8764	1864	1899	3373	8905	5316	4441	6215	1219	3869
9375	1529	3327	5010	5982	4974	9365	5092	5948	1014	22	3750	3280	5151	6057	6532
1917	7988	6817	272	6916	5489	8540	6726	2264	191	400	8104	5817	8225	5705	6339
7868	4044	3985	8412	9271	9296	6481	1568	8852	2947	6629	6930	3397	5232	2425	8754
5056	7704	7986	1490	9905	3274	1265	931	6379	5001	4576	8828	717	5210	9480	3352
9338	7118	7356	5606	9090	5515	4830	2288	7348	3363	5476	6446	780	6486	3238	7711
3504	1640	249	2555	2817	8095	6869	6123	5284	8701	3486	2322	5339	370	6576	5930
2134	9861	9892	5800	4473	3581	8417	3819	3409	4974	9378	1966	4233	1918	5678	7024
1342	7604	721	8858	968	4262	1651	1332	5176	6539	374	6227	9090	8532	6795	917
3897	8152	6365	9786	919	8390	9987	240	8492	1945	3664	3087	643	4293	1139	3569
2064	6793	5198	7587	9404	6942	3291	8303	9103	7885	4173	9553	7016	1645	3149	9692
6573	9971	3079	5220	1630	63	2307	7691	8707	912	292	8708	8347	3206	1821	8487
7199	3076	6677	6749	6254	7247	748	3222	8445	1658	5007	3309	7513	5748	532	9236
4567	8496	6145	3265	991	6919	4361	142	4930	4476	6019	5157	8057	6395	8648	5556
9451	1463	2011	8752	7014	2442	7699	2095	8993	2967	7850	9121	6223	4454	572	9457
3618	9099	8276	6482	582	839	41	4813	2902	6402	6931	3171	9333	2423	1861	1021
8041	8976	432	3888	923	269	3715	2009	4868	5814	4087	6553	7884	6900	7783	2870
7161	9664	2441	6528	4135	7268	2017	7524	6420	6376	31	2772	4868	6426	3425	452
4868	6614	2488	3659	7750	8344	831	563	7376	1410	2594	6479	9810	5952	1000	3672
3771	9353	4144	7040	7108	9674	2161	2747	9363	3095	383	550	4092	839	4760	4518
2310	8899	4032	7547	9587	192	9959	4577	9781	9889	8850	1351	4875	1982	4411	3199
3582	7004	1900	7116	9990	5454	6994	4149	9518	1306	4313	4920	8022	4882	6596	6908
8974	2556	9513	2700	6548	8024	9365	7711	6856	1269	4623	5270	513	5729	1678	4427
8042	4673	5591	9426	3623	1224	6276	2662	1204	5333	5982	6435	7854	4150	9602	8850
311	6017	8025	1155	6696	3565	2881	8906	1894	8480	3599	387	2597	8049	6793	7386
1172	8798	1115	8264	4954	185	7	4259	4022	3837	7261	2261	1066	4655	9076	5952
3186	7019	9598	534	4818	4871	834	809	3355	1015	8058	9387	429	3580	2894	4084
524	440	9204	9705	6874	3911	8774	8844	4462	3978	7081	2002	6213	2348	9468	2626
609	9135	4367	5139	8872	3986	5352	181	5783	6347	7468	5430	9194	3904	8143	8145
9778	9215	1454	7963	1646	381	5986	394	279	6298	5046	9802	4303	5406	5741	2510
3420	5711	1301	1223	3192	2837	1886	5504	5007	5704	5100	6562	7171	5559	184	529
5974	6847	1257	4202	6137	6160	9254	5155	1864	9878	2170	918	1549	2073	1075	8888
5586	403	5688	2670	4905	9701	8357	5328	7100	1633	8039	5193	9036	1057	2163	6505
2076	7502	9416	7616	2360	4451	6540	2784	2974	3343	208	121	1279	4101	8138	3911
6852	2851	9285	1157	8021	9045	2234	4158	4520	2250	2042	9182	3867	4827	2076	7406
3963	3109	255	4560	5575	4201	6327	6936	5740	347	2484	1054	5437	9304	5432	5158
5991	3591	103	2079	271	3811	3279	8063	3020	5466	9221	5582	1143	8228	9311	8106
3792	529	6073	3150	2458	8903	6295	6185	9722	9173	9926	5584	7170	9813	1328	7816
6725	5348	966	1805	1281	8043	4250	3898	7121	6958	9398	3399	1209	2967	3825	6526
3113	3958	5861	2785	2215	9324	578	7703	6487	6954	6311	5017	9955	2472	3373	9314
4916	9656	1583	7675	6059	5947	9060	4702	6649	6606	5129	8690	9838	8146	1887	8686
2644	2379	3561	523	2896	6319	3659	5724	6347	7481	2260	7340	4190	780	4567	1424
2463	984	8183	3411	8687	7666	6987	4885	6373	9735	7026	2832	3768	973	1179	8158
7859	6434	2548	8242	4517	8511	7605	5879	9044	9797	6346	1598	5855	9784	4697	8127
2972	8786	885	7031	1649	1502	5156	4686	6840	3869	7252	2487	9851	5796	7711	2230
1974	5349	26	4267	1317	9687	5577	1859	5954	3876	1755	3431	4810	6777	2170	6712
8414	5234	1138	8667	6733	8107	2033	8345	8054	8679	6171	5454	7746	4483	993	744
5026	9430	135	7331	2381	7225	7547	2217	978	6259	6042	7514	8224	2587	2494	788
9917	3703	1267	7268	6240	9110	1460	77	1139	1744	9812	3632	1719	9182	3383	3023
2539	3895	7219	3627	5373	4844	5112	3786	6612	9783	1104	5957	8822	3890	2463	7322
8138	6716	3574	4562	1347	8853	4194	2806	3474	9281	2355	6001	8133	1573	7828	3469
3531	9133	3016	8072	2536	2787	7682	6846	6574	388	3961	4425	6600	3608	8414	6102
2669	2948	9485	4879	8281	2688	7734	3817	3245	8702	2230	8768	5506	948	8330	8989
4993	7148	9465	4707	9945	3799	5471	4522	2926	9	7138	9082	6301	4012	3594	2739
2327	2568	1322	2967	6127	5791	4891	4151	3152	9870	7756	2205	9044	9280	6471	6054
239	5849	13	4547	9444	8156	82	1245	9014	7758	6036	5813	760	7105	3271	6043
4533	2179	2663	5709	1656	2959	8720	5651	2991	6346	8784	148	1723	4445	6746	1766
8676	713	8340	7920	5420	9694	9864	8878	1164	996	1876	5208	1255	9911	6645	2440
4970	858	2233	4036	4406	9611	504	7762	3192	2154	8910	2040	6078	7338	8025	6076
4510	5609	9028	4942	5241	4254	3506	920	9957	4263	1589	3484	7165	6014	6262	8369
7094	2953	4078	2820	1981	8770	8060	1524	9582	3001	536	6732	4824	1567	3711	5342
16	2169	3413	8149	2427	8588	1736	3091	6722	398	3747	2844	642	4314	7398	4326
5485	275	3228	3365	4944	6795	5988	3307	7486	6650	8382	60	5757	3648	4041	7213
3124	6320	1457	7442	155	8690	3284	6586	3800	9854	2290	8215	5507	6473	1988	9173
982	319	977	3561	886	9727	6453	1900	8304	3439	474	2844	2927	2874	801	3223
1354	8316	2084	1721	6020	5148	9425	3931	5485	8808	6351	6444	6312	5046	9761	4431
7825	9995	2063	3029	2776	8678	215	2293	5839	1958	5711	1527	1113	7201	9955	4805
4022	5413	381	4887	9563	7413	2068	188	686	1035	3967	3166	1563	2675	741	8556
4851	3787	2649	2003	3784	7332	7214	1246	3128	4142	5959	6029	3740	1651	7480	9064
9478	825	6536	9052	8186	4644	221	4816	1320	1926	9149	7427	9370	3873	6457	3664
8198	3158	9236	2264	105	1002	8553	7100	5888	2816	5075	6621	4658	6368	2571	6749
4121	2085	1271	6034	6935	6032	6634	2686	6501	9709	4657	6336	1111	2812	4900	7908
8671	8502	1521	3480	50	7781	6875	1083	4961	5758	9903	3914	2056	2624	5789	2459
695	6538	1180	8216	1529	8318	5211	218	4126	6880	4428	3623	5088	6554	8141	349
1629	2170	7373	1216	4074	9342	5045	4811	6374	1635	9276	7968	2532	9381	8243	9791
8472	6536	6831	4872	723	1250	8928	5909	6011	2078	7356	7373	1831	8267	2017	7306
5619	5003	3906	8951	5825	9370	3689	5068	3035	5243	993	7029	7204	9102	1102	9957
9147	6697	5310	9370	5093	1619	9833	6042	440	4595	8931	3962	6440	4606	5023	4484
5948	4584	2026	6136	1657	8538	2866	7374	4898	1033	862	4135	2568	7407	5415	2062
5428	8305	8739	7782	8894	9858	5011	2045	6377	9832	4770	5240	6507	9006	4436	3951
2188	6507	8526	3756	2400	4325	4297	304	1421	378	856	6049	9051	9641	1098	3149
7660	8104	1948	9932	2921	9917	7072	3824	2761	4037	983	6819	7163	7530	3714	792
877	9656	6664	8421	1356	8660	3455	5150	171	2092	154	7559	8364	3261	1801	7107
4232	359	1137	9964	3957	5505	5673	4306	1403	4458	2410	8945	9894	6917	2139	4636
9442	9563	9493	5464	7477	2570	4101	7772	9002	3767	3933	1784	9128	6915	2680	9629
9608	4442	8347	7738	7137	4424	8325	955	3036	831	4742	2985	691	9007	9091	1870
471	938	882	420	1809	5120	8970	7830	6912	2083	4811	3228	9482	5371	7646	1214
1625	3704	9560	2806	6441	8177	4626	2181	4305	459	6139	7463	4140	5657	7252	1033
9720	3754	5509	9315	4926	7516	4516	4373	3550	1369	5827	582	3971	8065	1915	4146
6631	9493	8554	5184	809	9231	7410	5687	9261	9819	7077	9418	39	1283	6545	634
2810	3397	9670	1903	616	9623	463	4206	7254	5679	7754	9414	2630	7508	2047	7769
6461	5476	8312	6879	6907	5507	5053	5898	1501	2486	3394	1153	8637	9526	3456	1311
6130	3038	4618	6536	2206	9192	8510	3227	4368	949	7150	6728	1930	4962	6640	7907
1420	7846	665	2310	8147	7491	4643	1086	9148	8304	4378	208	9610	6885	2485	6645
2640	4131	1430	596	2116	8622	6692	2748	5011	3804	3419	9735	8861	7997	3379	5070
2006	4722	5444	7024	6639	658	8545	9409	1224	5383	6851	2270	1425	5834	3525	974
1220	2293	6622	3845	4786	5908	8864	3036	3010	2142	5518	5273	763	8811	1769	4862
7106	232	1443	3735	2026	5831	3559	3754	9127	2826	5800	7117	1982	7788	8032	9811
585	9674	1249	8593	6285	7608	8273	3337	7276	8109	1474	4138	8715	2331	1447	982
5887	6755	2258	5390	740	2148	529	1782	9873	9062	1395	2766	252	520	4456	130
4275	4708	9736	2463	8331	7055	4513	7472	7730	2703	3451	7119	3092	8050	7243	4312
3888	4527	7153	739	5898	6683	6082	8532	6111	4354	5594	3601	1971	6371	9619	9048
5733	6814	2703	3699	1756	3908	9937	5179	1268	543	9440	2322	2303	3808	7389	5037
8442	6677	2500	665	840	3336	147	331	5317	3514	6166	638	6139	8749	3198	3174
1361	6753	8692	2099	9273	137	8622	8587	6699	8943	1403	9205	4211	8046	7923	323
4483	1697	1186	8752	4212	4279	2641	1610	9052	4982	7094	7000	8186	8547	9861	1769
2237	2039	7709	1276	3607	6781	7649	925	380	3668	1588	7458	8477	9360	5174	1136
3633	9483	633	8892	2001	2594	7884	1318	2592	7484	203	5775	6489	6695	9915	6799
6776	8197	6734	2282	9656	7860	1564	8416	8198	2702	5192	8914	9300	4004	4568	2600
1170	9427	2383	6256	3666	3209	216	6352	9138	2574	1813	4683	6144	5656	5383	7083
2895	4542	5303	15	5691	6837	3255	1403	2403	914	6139	3182	7669	585	9882	6515
3685	4743	1558	4988	8405	8670	1683	3401	9817	7053	2947	6141	3857	4636	2951	6917
2839	5760	4964	6887	4813	2140	9379	7511	3711	9568	8704	3674	8537	5641	5459	5143
3488	7563	3587	5100	4306	7634	9288	6987	2252	3680	1086	2443	9246	1273	38	3539
4180	1368	8474	4002	4463	3009	7684	6074	4547	1278	618	5452	4949	2704	6496	4656
2949	7255	9860	989	3295	7372	3369	4743	699	5253	4861	5329	221	6412	6282	9074
7099	9304	6917	4105	4122	9943	2029	8547	8291	976	5101	7801	340	8652	949	8263
573	3401	3151	9188	8923	8975	2374	9738	1949	8785	6663	6780	2128	3032	3739	2046
1668	4563	6063	4656	3115	5733	7843	7317	7227	1688	8443	6446	3437	4127	8740	9912
6560	410	5415	3820	7193	7050	1103	5488	1194	448	9434	7414	7969	1046	9964	91
9895	7522	7688	6439	2361	8641	8352	3130	8897	5946	2188	81	8541	8692	829	2573
1788	3579	7675	9667	8765	2644	3320	9520	4015	2136	7348	2439	6871	7505	9142	465
1388	6582	4179	3356	299	8946	1207	2368	4942	6308	6683	7515	5099	535	2231	8214
2442	116	3424	5767	8536	2174	6650	4214	2114	7482	8485	3073	4871	4532	2317	6037
8531	3839	3680	3054	5151	8876	1273	5227	4876	4476	1127	699	8820	1736	2935	9456
6634	5091	5832	2091	9379	2685	3395	8400	9498	6647	3557	3221	8270	895	8573	1021
2997	5788	4371	3419	3907	7034	777	9514	9431	8037	455	9825	1433	4935	9716	2329
9764	851	4629	7174	304	9387	8321	4158	274	8240	4685	8670	2173	9437	1223	2656
5462	1684	6237	6071	2192	3520	2452	1206	2815	7074	542	5203	6949	2886	2187	4634
3251	3068	7679	9735	4518	3021	9855	7436	3833	233	3976	6279	7927	1136	4746	6613
4360	8134	2413	1259	8493	2848	5209	3660	9715	2198	2394	2436	3483	7170	8679	9190
326	1450	1168	5537	1820	6700	6341	48	5289	7250	6294	6987	7490	824	2521	4508
714	1207	593	2362	1551	1412	530	2497	1908	4326	2309	5533	9742	2785	4786	8173
7015	9804	2312	7994	5808	3079	5210	4935	6925	6897	136	1463	2945	5518	5065	6796
8843	9817	1540	7225	1712	9307	2958	6269	4326	2174	8786	3529	1746	839	8606	5674
4490	1191	2099	439	8739	2620	3550	8976	2258	9818	3087	5566	8678	3175	8831	3860
6502	1204	4721	95	6611	6567	4237	7690	6886	6915	9751	7848	3769	1228	393	3893
4607	2034	5372	1955	165	2376	8192	4522	5432	4972	435	3525	6182	6507	8015	7069
1929	7561	5766	6137	2010	255	4333	4373	7277	696	134	1060	9135	7882	881	7933
8224	9539	906	5395	5237	7301	3294	4346	6519	3996	42	7352	944	5859	6089	3732
53	7132	7126	3004	919	7428	8250	2106	6737	5753	1624	8342	8289	5283	562	3859
8497	1350	1753	1111	9896	1804	470	6447	8780	2901	1103	4553	4685	5754	4187	9286
4275	8673	7670	5146	2449	199	433	1283	9976	5929	8099	2279	9358	6294	1107	8813
7716	9481	6547	7985	1221	5038	9998	7584	9759	1324	4420	679	5664	7252	5952	4120
5859	8583	364	7256	9690	7574	5684	1670	4176	3165	4580	2682	5456	1605	8032	156
9958	5490	1019	206	5531	6492	1781	4011	1866	1688	5824	7771	5168	1105	8054	2239
2861	4833	1890	5365	2235	1870	5931	2074	5535	5541	218	9419	8529	5591	3244	7678
7803	5689	4795	6251	2372	226	8614	2784	361	1045	1045	4629	4128	5042	5832	7371
2133	6653	6267	9387	5852	3200	8863	2160	9659	4724	2892	6630	4001	7874	1816	875
7074	3485	8052	8098	7800	2586	674	5383	1798	8152	2574	2233	8803	7860	4227	6375
4164	7901	8043	2609	821	9408	1487	8546	9172	1586	6834	6776	9321	2763	6028	6554
2942	7477	5808	6726	6546	4008	8191	1542	4259	6240	8512	9257	8988	466	9632	6252
5188	8170	3985	6923	1162	2246	3478	4308	7494	7224	3376	6858	7541	3793	1514	770
9231	5380	9675	8173	5002	6068	1583	5069	9685	5143	2475	3778	8465	4544	916	6289
3	3421	3626	4911	9059	5660	5885	5163	3011	5868	4926	2459	3318	8113	4506	3798
4805	8863	5556	5757	3334	6909	3989	865	2668	3923	71	7052	9501	899	2425	1728
7968	7812	3503	7929	5496	866	2672	7265	4045	9375	3858	1089	9720	5171	6539	2670
5961	8390	7489	8941	3913	7432	5411	8086	5595	4523	2621	4588	7386	6039	7551	1888
6708	7231	2030	3820	1150	588	6362	3226	3946	8335	8762	9444	4326	9513	3048	896
791	7201	4681	9615	7312	9397	5762	4419	955	5312	7224	1649	2806	9076	4914	6139
238	473	5384	68	8604	412	1506	2761	68	3811	14	8068	9374	9550	8367	743
5588	7131	4016	6205	8805	8449	7506	9004	6177	2180	2113	5538	7382	5192	6007	6417
821	8137	1271	3710	805	2079	2458	1405	220	2496	725	8287	2018	7849	5721	1465
6947	5125	2267	7192	5587	5346	7296	6029	1108	6145	5502	4413	2245	4151	4521	8827
8055	6351	9814	1019	4282	2932	4406	9716	2177	1286	4814	7191	882	1226	8449	2977
5729	5643	13	7368	5233	9746	6999	9386	9532	8491	7050	4924	6924	8115	8646	172
7982	7919	5315	9592	2823	7165	3416	5496	1039	5150	7689	3615	4853	8989	8705	9488
7720	2209	5589	8354	8567	9405	5089	7847	565	7607	8449	1092	5078	3386	9564	651
6862	628	3802	4635	3574	7130	2185	6010	7278	8885	5836	6079	204	3201	2481	1518
3551	6786	9404	3149	9722	6657	8762	3729	2322	3857	1226	4429	5246	7329	9551	7319
6681	655	4075	6905	4248	6277	5743	2697	224	8307	9263	9709	9958	3261	6046	2545
6569	2981	4916	9580	4656	3703	3141	1277	9728	4303	477	6833	324	6727	1524	8062
9695	1977	6142	2671	7507	3028	1149	9028	2675	6164	4779	5979	7031	7866	1546	526
8815	153	948	9993	770	724	1210	4344	578	6845	9412	3053	5863	4380	4951	4740
2284	6980	8331	3524	4037	7184	7605	2755	627	6039	7072	4160	5141	7178	9207	5139
3358	8846	3533	6205	5323	4005	9131	4800	6254	353	2828	1372	3293	1549	555	2497
1809	2115	6200	6234	4232	3474	2772	8351	479	5306	9781	4571	5325	7331	6477	15
6047	3896	8880	6791	5782	3085	6209	1557	4428	7472	5561	437	6084	4725	7725	5381
1432	5403	6683	948	7245	3660	718	1009	8284	574	6477	8550	7811	1266	3982	3304
4128	2199	3120	1189	5169	4137	5663	7183	329	9657	7119	7042	297	7788	2642	4549
5685	4253	5069	9339	1730	5511	2301	3352	1284	9996	9962	1509	3743	6255	3127	5051
1102	7316	3984	587	5603	3517	6305	5594	9413	2979	2775	413	4908	2852	4468	1794
2779	5075	1780	9054	1853	6795	2363	2841	1860	5278	2309	2134	4385	4144	7403	5531
7236	848	69	6704	2343	2405	3350	4762	433	9499	7066	7455	1860	7478	3560	749
65	8449	8522	7859	2629	3489	8664	4732	5210	4403	2037	1288	1481	1230	2640	5212
6050	5822	7882	4807	376	2534	5631	2744	4457	5611	4130	2952	6614	8064	8336	1770
9876	9584	4731	2314	4078	6214	2888	1665	4363	1736	1786	8458	3974	3915	6187	2898
2963	458	579	4014	8237	5303	2874	1753	8972	371	9082	9769	3837	2398	7188	7765
2852	7638	6838	679	2909	112	141	9487	7019	4857	105	2816	9866	8696	5445	6382
5255	8336	4850	8526	7524	6756	6389	8826	7489	258	7303	4903	4965	8609	5689	2098
3462	3441	7353	8300	1675	349	486	5555	8336	9028	4797	6006	4342	2092	5777	8085
7218	2305	2562	1273	5882	2418	821	4223	9659	8240	4277	8337	7712	6084	4299	6917
9634	1965	3637	857	3451	2696	9237	9830	1990	9982	4260	5480	3093	2090	7285	4424
426	4158	2795	2004	5516	9454	9494	1035	1685	3568	3156	7608	1309	5018	2381	3595
5728	3316	6294	2858	4247	2927	3753	4983	8977	5407	8167	8410	8244	9935	307	542
3380	437	5097	5542	7187	4722	1910	4863	5533	7203	799	8080	8506	3617	9505	6607
3817	3456	9273	2530	1147	1387	3650	2097	1143	1618	8440	879	1718	6873	3258	5836
7508	4491	4031	5583	9264	2443	6392	3184	4364	8990	7209	5351	8850	6272	3694	2065
5543	3582	5158	1626	9457	1591	7315	1592	3618	1456	3023	1751	2496	5511	8822	1710
8959	1441	726	8227	9242	6036	2329	4261	1551	4249	3697	6548	6183	2688	1801	6582
5869	7493	2802	6181	4957	1257	5688	3780	4104	6848	2129	1669	9242	7837	7639	2995
3204	8656	1717	6892	580	1839	5556	8174	3217	8510	3801	5700	8158	4955	3345	5281
5056	6992	4125	2100	7326	1332	84	6152	2138	1567	2630	5783	5650	142	491	5127
3586	6960	1601	712	9121	6882	4132	9877	4996	4611	7173	3334	5137	8879	5810	2014
7767	5358	2975	8900	2138	7422	7818	5110	6604	8055	9290	6132	6327	1370	2145	6115
5800	9773	4727	9666	443	5692	1948	6615	3581	4965	6785	8161	8992	1309	3470	5963
4603	4891	3358	975	8269	4769	6858	7097	131	8040	8514	4338	5622	3950	9471	6488
1164	9962	1973	5839	7441	4006	6751	1370	2894	4557	5503	7351	4401	1366	2102	1938
8468	550	8129	916	5873	8991	9972	4878	2805	4497	2933	4691	8840	1773	5379	1631
1577	5959	3598	6595	6389	3618	8796	8660	9637	3610	9516	9020	9096	7750	9305	400
9044	2554	1020	4708	1118	5105	3708	2992	7968	3422	8807	9195	1700	3573	2921	8902
2945	3912	8580	8837	8758	9639	4538	4053	5652	6559	6641	2584	1947	902	7697	3107
5496	5032	4043	1367	1353	8206	290	1440	7579	8132	5122	2348	2431	2599	7027	9508
5893	5758	2609	5149	2311	8059	6281	3786	518	7989	9200	6261	343	1076	9833	8539
6225	3115	4882	2663	6058	1132	2036	7145	1131	7334	7119	6651	8781	4231	2542	9766
9744	6603	7645	7346	6277	1489	7622	1428	7738	2014	7317	8219	9797	3949	8812	3477
4126	9112	4145	4638	803	1093	1289	6746	5703	7146	3368	6156	4317	9121	8248	5414
6960	2296	7836	6030	5793	1849	5366	7162	6302	6380	4116	4971	4750	7005	6490	3434
4717	7258	5971	3852	4491	2315	6482	1842	2701	7298	3777	5893	6287	7353	6977	5075
1707	4172	7798	804	9114	4792	2573	3073	921	9421	9030	2106	361	8547	7960	683
3798	6731	2017	2235	5564	2547	571	1406	7285	4697	2929	3259	6379	5732	8094	2145
9888	3432	8504	5938	3385	1966	2848	9152	5459	5558	4194	2648	5130	2949	7826	7259
3032	1772	5169	7477	2085	6810	6401	3106	1216	4807	4987	7655	5273	3048	2064	1874
7625	5615	1704	6699	5621	2	7711	1652	8803	9364	9575	2788	1954	4575	3363	6880
8776	3962	1944	3786	145	1262	766	9515	9389	5780	1224	8751	4257	2820	8666	4459
2008	3612	8667	4238	7781	2063	8531	8784	5934	9986	9973	7728	7707	3022	2290	738
5198	4275	7632	8994	6371	538	3494	817	7041	9603	6872	8993	297	7068	9952	7452
4661	5946	6396	431	8055	8128	5751	7577	2816	7313	5468	5729	7372	9543	5520	7162
7658	2161	723	1906	3434	506	8529	563	2940	1978	7498	919	1944	5608	6705	8017
3076	9770	6850	9378	366	6354	7696	4405	878	8167	773	3736	1638	9237	6125	8677
8146	5168	4912	299	9496	7458	4838	7831	8184	4825	481	9340	7623	3417	1381	612
9201	6888	461	8610	8586	2537	5162	5273	3085	9165	9823	8068	2914	716	3175	2993
4792	5386	4132	298	414	4323	3311	8430	2365	164	9797	2985	1792	1642	3023	6181
9577	4889	3297	1282	6680	9813	9053	2272	2109	5529	7763	4572	173	2440	2728	2490
3739	277	4406	4771	636	4230	5022	7237	7405	7094	584	6785	1173	937	9331	2750
1721	32	6653	4338	1324	7503	4083	5948	8118	4347	7609	7348	8407	4392	8703	186
3729	33	6160	64	5432	6150	5382	7906	6453	7247	2534	8387	4086	8742	5569	2616
1401	1417	6407	2303	1413	7888	3280	6221	4623	7937	1408	6329	3856	4933	3896	705
5973	9260	8245	4177	6225	3882	7569	1901	4944	5788	6153	9046	2333	3842	321	1385
8315	9396	7864	9527	1735	9352	9974	8460	9305	3613	6318	6392	777	1061	631	9560
8815	2879	7028	9488	6254	6032	4377	8584	3131	1879	8804	3261	745	360	2185	4373
3283	2769	384	9605	2686	2532	8992	1107	4625	2393	1647	2326	9511	3683	6318	3077
910	7637	9907	3590	7038	2243	1883	1420	2730	3152	7415	7258	7126	5874	6025	3223
4736	4713	5150	6717	4016	9090	2103	1436	2034	1803	234	7633	5906	1574	8536	5454
8714	7608	3866	9816	4344	9067	7899	8404	7420	1820	1976	9950	4235	3132	12	3578
5233	9167	9354	4297	5830	5571	1207	9119	3928	9345	5233	7716	6487	7711	7941	5539
7360	5559	2550	5823	8914	4047	390	4643	6997	8134	7998	6058	3951	2207	1932	3174
8481	6781	7576	3986	7920	4712	3477	2280	6737	3409	2772	944	9264	460	9679	3586
7721	9457	5182	9119	951	5024	6936	4756	5012	4777	5999	9105	4343	4064	6844	9158
3167	9703	9777	7334	6392	2516	3345	3787	9090	114	2295	2371	7538	3548	7562	2119
2347	8319	2378	9277	9446	4006	729	5184	319	1868	2559	5898	2166	2010	638	8330
7603	7774	1769	3171	5859	6503	426	862	1258	5406	1160	6141	3460	582	4961	7303
4276	8104	962	3079	7517	9859	3622	2771	4682	8928	6041	5273	8408	5927	526	8168
6776	6291	9913	7076	6459	2013	3993	5740	5506	9790	8990	2623	744	2142	2921	6790
1651	2111	7418	7553	8621	9055	5950	546	2839	6241	5895	2799	3507	5343	1239	5611
3559	2043	1668	2866	7083	5282	4857	3030	7970	5102	6873	9808	2783	71	860	2637
3149	7810	522	5583	8118	9368	8389	3914	4655	8501	4817	3267	937	6606	9859	7015
8628	7976	9456	2330	3518	608	1350	89	3327	7229	2866	9288	7344	1804	9234	6418
8697	3540	7091	2485	3141	9052	4189	7378	1129	303	8797	8768	9720	4303	6358	5412
8622	3727	3646	3245	9365	7647	5980	7926	8986	9502	4814	532	7680	7832	8350	7882
2811	2068	1077	7323	5107	1576	5052	5091	8693	4377	4213	2839	4404	587	6997	496
633	5201	5940	2615	9267	2248	6072	1217	6290	5112	2776	7438	9484	4572	7379	457
2303	2857	8205	8292	1204	3788	7714	2884	9656	564	6231	7823	6775	6966	4847	6854
7039	6339	573	9804	3600	9531	6782	4137	2722	9662	6826	4643	684	7568	6314	2440
4818	416	5608	7008	224	1492	4608	490	6606	787	6708	1121	6144	3506	2327	9583
7393	6726	8599	7039	909	5138	7762	271	3950	7342	9341	4093	379	9824	7128	5385
8743	3986	879	9655	4235	2102	9288	8087	1266	9322	5727	6884	6660	3835	1529	9859
3807	6890	2286	7080	7080	5995	6767	8616	9080	1328	7387	4937	7730	8007	8236	9516
665	2093	4856	9325	9477	7938	8117	1543	977	2752	3805	6093	5749	5895	2495	6484
5488	6353	6567	3722	3560	8105	9888	1243	8848	8318	3720	3895	5065	4286	2090	5217
8318	9242	5049	3697	3026	3004	2481	234	4673	6343	5617	8447	5805	6581	6242	2873
5872	6476	4961	7502	5047	6299	180	1421	9994	5289	6627	9979	4473	149	5770	2614
4980	1911	3754	7187	1091	6834	1447	8309	1737	4068	1904	6595	3545	1134	6874	7362
518	4350	7729	5644	9536	4824	5094	4532	1063	9405	3954	4294	630	5529	1322	4541
3970	1226	9887	1670	2650	3261	1858	2125	7871	501	6229	4714	5381	7505	9747	7109
9440	6985	4247	1162	3589	7976	7645	2190	4273	338	6417	5217	824	3347	9460	1518
3888	9279	2220	4720	1933	3416	3326	3262	5790	1161	5146	1526	9161	9458	5095	3384
2084	1503	9172	8147	1965	4382	3458	9712	3564	7401	8951	3042	442	6025	9626	7393
9030	2050	6252	7546	4226	4089	7209	7597	1880	8322	9098	9337	7948	8635	5220	4538
6388	3556	1847	2446	677	4784	2080	1014	9669	9759	9200	2238	837	2002	173	9493
5130	6670	9228	9067	7050	7429	9893	8799	8891	1424	959	3678	795	7694	8327	4121
7494	3731	3432	7225	7377	5645	2902	1470	4457	8181	6978	1087	4706	833	3603	4048
4491	1063	1968	3145	5987	9406	4002	1073	2800	1170	8717	3865	2521	1476	7445	5085
4795	7442	7844	1176	536	7190	6426	9109	8929	9492	6131	7895	8640	5514	5298	4433
7351	5947	7981	9983	4039	4282	4336	4141	2108	9554	9664	9579	5468	8450	4409	2062
847	2299	9560	617	1656	850	1187	74	4552	2940	9115	9570	330	3899	8390	4229
1217	8122	9270	6679	6190	8150	4535	1503	8586	8670	1571	4957	9780	5905	1321	2683
6449	3587	8264	8156	8963	248	1392	6183	1348	9669	5890	225	2172	537	2935	5384
4848	7684	5558	7150	7055	5941	5527	7269	6051	1617	4110	2636	1917	319	9780	780
116	3926	3459	9031	3711	3614	1951	593	6979	5742	3224	2206	3248	6293	7365	396
7694	2239	8560	3867	485	7054	2089	5227	5730	2949	7081	9706	4185	8293	7524	1832
495	9422	5399	2177	4103	1688	5212	9023	4582	6121	5875	8397	8198	8423	4691	4265
1551	8962	6269	9615	4516	1910	4451	1239	3183	9498	6086	9360	6934	5713	4585	6516
4825	8096	6734	6349	9691	3558	3176	2438	1536	4939	5145	7141	4404	7406	8433	5516
3331	5975	8286	3371	7938	6880	227	6309	2005	3391	2156	4147	2987	3920	6845	3562
8043	1731	617	9982	54	116	833	6548	217	7371	5330	6163	324	9842	6935	10
340	5499	3203	6266	7093	6216	4713	5741	9428	9975	252	982	6686	2524	4125	3491
5989	8568	2213	2381	1202	6931	2288	4416	348	1516	820	6503	5776	2098	4039	5464
4293	4904	3703	1357	9051	1412	3281	596	916	3119	9791	9006	4745	4882	1513	7290
7554	7990	5875	2223	8773	5495	6053	6894	7573	5927	1861	2768	680	5704	3331	5052
7240	2789	2332	3085	4708	9602	4896	7116	4391	7334	7379	2922	9770	4688	1769	1425
8765	9246	4053	9171	9842	8799	21	2262	9911	9744	1489	5308	8875	3057	7961	6024
7169	883	2832	1757	9340	2738	6217	1927	5068	673	3491	9104	6185	1198	2014	3405
2421	7059	4772	5158	8725	2899	5503	2585	5769	4847	7906	1028	2307	1200	3059	4804
7250	6883	6478	3454	6727	9323	3231	9295	1879	3203	1242	6537	143	2719	3317	7742
4368	999	5487	5751	2710	5551	9721	9429	7845	779	4495	232	3435	6331	7798	3640
5730	1134	9682	4095	5028	3979	5245	5702	2487	5251	1076	942	1438	4403	8441	8347
5637	4797	1787	2012	4890	9705	81	4337	3428	5228	1138	3865	9351	6388	2614	3903
6925	9261	9326	2244	4207	2152	958	1497	9847	9237	8725	6647	1768	4939	3327	6732
6581	2224	5017	6296	1005	2709	6719	3733	7996	3465	5191	2956	7375	2163	7040	1824
8377	6985	9943	6553	1949	8152	5900	6306	5482	1153	7907	8931	7494	8641	4905	9783
5853	2291	5626	4413	4014	1205	739	6628	173	8350	6278	7885	1142	7706	4308	3768
3724	9049	1009	2239	8280	8081	1860	5660	3470	7990	5096	495	2097	3908	9977	5842
3599	9366	8642	3276	7802	9569	6774	5508	3650	5616	4892	6973	8702	3058	428	768
2718	5867	7629	1052	1847	6496	4032	2192	6304	2899	5377	6764	3055	7885	7978	1239
7283	2922	6214	2617	6301	819	5477	1454	270	1128	7356	1385	8353	6718	6417	4938
5430	4926	7656	8027	1761	9830	6067	326	7384	845	3835	2059	8260	6819	2357	1458
5425	9014	9087	9663	6204	1067	5271	5108	2386	2807	5016	8011	1696	907	2451	5622
8208	8253	6296	7023	9847	2796	5821	6031	7277	7164	3013	4342	9691	2672	5317	2850
4037	2978	3356	2733	1552	2898	812	1447	3649	1017	9158	8925	4796	4765	7056	6108
7670	5191	3735	2292	1251	9066	6213	6620	3466	8744	6721	9787	5268	9761	2118	1552
5728	8584	2934	1121	7012	7104	3687	1876	6608	7124	1402	7086	2903	9264	7290	5506
1197	988	4160	6309	6448	3744	5185	6962	9358	6070	1448	1217	3426	2036	4092	6113
8003	743	4965	1669	7710	2260	3801	916	6983	8688	3592	1090	1269	7433	6446	9243
3151	64	4804	4878	7850	3203	9087	7836	5394	9957	7041	595	2047	9877	1854	7363
4033	3276	4561	3618	1231	3121	6387	5038	9341	31	5127	7957	4678	278	3481	3461
9777	9297	6934	4287	7367	8650	3129	6612	5668	4323	7223	8196	9965	627	7468	2738
2084	4623	7706	8754	2824	5676	4058	2856	2692	2929	7650	5094	2378	22	9460	7202
2797	1482	1768	41	3009	5130	9800	9278	3274	2313	249	8643	6893	7017	6425	2844
9443	7348	4343	8798	5760	3726	1156	9838	3743	52	2768	3007	5998	174	8701	473
4157	9353	8777	4320	6	316	4471	1242	4786	7091	8373	796	5132	3258	5593	9857
3832	7537	6457	6744	2263	8083	8112	2575	623	956	2203	3071	7790	711	6307	1918
1572	3273	5246	9645	2580	6435	5649	8514	6039	7214	6778	8275	3285	6356	2703	777
2772	4443	6790	8991	7368	2588	7229	3612	659	8807	3786	4765	1224	9173	483	7029
3371	8756	8331	2788	9651	9426	7021	540	4250	1231	2485	8207	4826	4104	4677	3661
8536	2910	6074	7785	9252	4946	4237	2113	5037	8291	4371	3739	9141	7922	8107	7642
7257	428	6765	2480	6516	5714	1137	2002	2918	3013	7696	7037	8414	2680	2249	4765
